# Created by Octave 4.0.0, Wed Oct 12 21:58:07 2016 CEST <pierre@pierre>
# name: Archive
# type: matrix
# rows: 5
# columns: 30
 0 0 0 1 0 0 0 0 1 0 1 1 0 1 0 0 1 1 1 1 0 1 0 0 0 1 0 0 1 0
 0 0 0 0 1 0 1 0 1 1 0 0 0 0 0 0 0 0 1 0 0 1 1 0 1 1 0 0 0 1
 0 1 0 0 0 0 1 1 1 1 0 0 0 0 0 0 0 0 1 0 0 0 0 1 1 1 0 0 0 1
 1 1 1 0 1 0 1 0 1 1 1 0 0 1 0 0 1 1 1 0 1 1 1 1 0 1 0 0 0 1
 0 0 1 1 0 0 0 0 1 0 1 1 0 1 0 0 1 1 1 1 0 1 0 0 0 1 0 0 1 0


# name: Archive_objectives
# type: matrix
# rows: 5
# columns: 2
 -0.744184294771 -0.979797979798
 -0.744184294771 -0.979797979798
 -0.744184294771 -0.979797979798
 -0.744184294771 -0.979797979798
 -0.744184294771 -0.979797979798


# name: X
# type: matrix
# rows: 20
# columns: 30
 1 1 1 0 1 0 0 0 1 0 1 0 1 1 0 1 1 0 1 0 1 0 1 1 0 1 0 1 0 1
 1 0 0 1 1 0 1 0 1 1 0 1 1 0 1 1 0 1 1 1 0 1 1 0 0 0 0 1 0 0
 0 0 0 1 0 0 0 0 1 0 1 1 0 1 0 0 1 1 1 1 0 1 0 0 0 1 0 0 1 0
 0 0 0 0 1 0 1 0 1 1 0 0 0 0 0 0 0 0 1 0 0 1 1 0 1 1 0 0 0 1
 0 1 0 0 0 0 1 1 1 1 0 0 0 0 0 0 0 0 1 0 0 0 0 1 1 1 0 0 0 1
 0 1 1 0 1 0 1 0 1 1 0 0 1 1 0 0 0 1 1 0 0 0 1 0 0 0 0 1 0 1
 0 1 0 1 1 0 0 0 1 0 0 0 1 0 1 1 0 0 1 0 0 0 0 1 0 1 0 1 0 1
 1 1 1 0 1 0 1 0 1 1 1 0 0 1 0 0 1 1 1 0 1 1 1 1 0 1 0 0 0 1
 1 1 1 1 1 0 0 0 1 1 1 0 1 1 1 1 0 0 1 1 0 1 1 0 0 0 0 1 0 0
 1 0 0 0 1 0 1 0 1 0 0 1 1 0 0 1 1 0 1 0 1 0 1 1 0 1 0 1 0 0
 0 0 1 1 0 0 0 0 1 0 1 1 0 1 0 0 1 1 1 1 0 1 0 0 0 1 0 0 1 0
 0 0 0 1 0 0 0 0 1 0 1 1 0 1 1 0 1 1 1 1 0 1 0 0 0 1 0 0 1 0
 1 0 0 1 1 0 0 0 1 1 0 1 1 0 1 1 0 0 1 0 0 1 0 1 0 0 1 1 0 1
 0 1 0 1 1 0 1 0 1 0 0 0 1 0 1 1 0 0 1 1 0 0 1 0 0 1 0 1 0 0
 1 1 1 1 1 0 0 0 1 0 0 0 1 1 1 1 1 0 1 0 0 0 0 0 0 1 0 1 0 1
 0 1 0 0 1 0 0 0 1 0 1 0 1 0 0 1 0 0 1 0 1 0 1 1 0 1 0 1 0 0
 1 1 1 1 1 0 0 0 1 0 1 0 1 1 0 1 0 0 1 0 0 0 1 0 0 0 0 1 0 0
 1 1 1 0 1 1 0 0 1 0 1 0 1 1 1 1 1 0 1 1 1 1 1 1 0 1 0 1 0 1
 1 1 1 1 1 0 0 0 1 0 1 0 1 1 1 1 0 0 1 0 1 1 1 1 0 1 0 1 0 0
 1 1 1 0 1 0 0 0 1 1 1 0 1 1 0 1 1 0 1 1 0 0 1 1 0 1 0 1 0 1


# name: Xo
# type: matrix
# rows: 20
# columns: 2
 -0.7341033205700001 -0.979797979798
 -0.739708743958 -0.979797979798
 -0.744184294771 -0.979797979798
 -0.744184294771 -0.979797979798
 -0.744184294771 -0.979797979798
 -0.735226916076 -0.979797979798
 -0.735226916076 -0.979797979798
 -0.744184294771 -0.979797979798
 -0.732973447994 -0.979797979798
 -0.737461552947 -0.979797979798
 -0.744184294771 -0.979797979798
 -0.73408448936 -0.979797979798
 -0.735226916076 -0.979797979798
 -0.735226916076 -0.979797979798
 -0.7340970435 -0.979797979798
 -0.7341033205700001 -0.979797979798
 -0.7341033205700001 -0.979797979798
 -0.7340970435 -0.979797979798
 -0.7340970435 -0.979797979798
 -0.7363379574409999 -0.979797979798


# name: ans
# type: matrix
# rows: 1
# columns: 30
 0 0 0 1 0 0 0 0 1 0 1 1 0 1 0 0 1 1 1 1 0 1 0 0 0 1 0 0 1 0


# name: samples
# type: matrix
# rows: 60
# columns: 30
 0 1 1 0 1 0 0 0 1 1 0 1 1 1 0 0 1 0 0 0 1 1 1 0 0 0 1 1 1 0
 1 0 1 1 0 1 0 1 1 0 0 0 1 1 1 0 1 1 0 1 0 0 0 0 1 1 0 1 1 1
 1 0 0 1 1 0 0 1 1 0 0 1 1 1 0 0 0 0 0 1 0 1 1 1 1 1 1 0 1 1
 0 1 0 1 1 0 1 0 1 1 0 0 1 1 0 1 0 1 1 0 0 1 1 0 1 0 0 0 1 1
 0 0 0 0 0 0 1 0 1 0 1 1 0 0 0 0 1 1 1 0 0 1 0 0 0 1 0 0 0 0
 1 1 1 0 1 0 0 0 1 0 1 0 1 1 0 1 1 0 1 0 1 0 1 1 0 1 0 1 0 1
 0 1 0 0 1 0 0 1 1 1 1 0 0 0 1 0 0 1 1 0 0 0 1 1 1 1 1 0 0 1
 0 0 0 0 0 0 0 1 1 1 0 0 0 0 0 0 0 1 0 0 0 0 0 1 1 1 0 0 0 1
 1 0 0 1 1 0 1 0 1 1 0 1 1 0 1 1 0 1 1 1 0 1 1 0 0 0 0 1 0 0
 0 1 0 1 0 0 1 1 0 1 0 1 1 1 1 1 1 1 1 0 0 0 1 1 1 1 0 0 1 1
 1 1 0 1 1 0 1 1 1 1 0 1 1 1 1 1 0 1 0 0 0 1 1 1 1 0 0 0 1 1
 0 0 0 1 1 0 0 0 1 0 0 0 0 1 0 0 0 0 1 1 0 1 1 0 1 1 1 0 1 1
 0 1 0 1 1 0 1 1 1 1 0 0 0 0 0 0 0 1 0 0 0 1 0 1 1 1 0 0 0 1
 0 0 0 0 0 1 0 0 1 1 0 0 1 1 0 1 0 1 1 0 0 0 1 0 1 0 0 0 0 1
 0 1 0 1 0 0 1 1 0 1 1 1 1 1 1 1 1 1 1 0 0 0 1 1 1 1 0 0 1 1
 1 0 1 1 1 0 0 1 1 0 0 1 1 1 0 0 0 0 0 1 0 1 1 1 1 1 1 0 1 1
 1 1 1 1 0 1 0 1 1 1 1 0 0 0 1 0 0 1 0 1 0 0 0 1 1 1 1 1 0 1
 0 0 0 0 1 0 0 1 1 0 1 0 1 1 1 0 1 1 1 0 0 0 1 0 1 1 1 0 1 1
 0 1 0 1 1 0 0 1 0 1 1 1 0 1 1 1 0 1 1 0 1 0 1 1 1 1 0 0 1 1
 0 1 0 0 0 0 1 1 1 1 0 1 1 0 1 0 1 1 1 0 0 0 1 1 1 1 1 0 0 1
 0 0 0 1 1 0 0 1 0 1 1 0 0 1 1 1 0 0 1 1 0 1 1 1 1 1 1 0 1 1
 0 1 0 1 1 0 0 0 1 0 0 0 0 1 0 1 0 1 1 0 1 0 1 0 1 1 0 0 1 1
 0 1 0 1 1 0 1 0 0 1 0 1 0 1 0 0 0 1 1 0 0 1 0 1 1 1 0 0 0 1
 0 1 0 1 1 0 0 1 1 1 1 1 0 0 1 1 0 1 0 0 1 0 1 1 1 1 0 0 1 1
 0 0 0 1 0 0 0 0 1 0 1 1 0 1 0 0 1 1 1 1 0 1 0 0 0 1 0 0 1 0
 0 0 0 0 1 0 1 0 1 1 0 0 0 0 0 0 0 0 1 0 0 1 1 0 1 1 0 0 0 1
 0 1 0 0 0 0 1 1 1 1 0 0 0 0 0 0 0 0 1 0 0 0 0 1 1 1 0 0 0 1
 0 1 1 1 1 0 1 1 1 1 0 1 1 0 1 0 1 1 0 0 0 1 1 1 1 1 1 0 0 1
 0 0 0 0 0 0 0 1 1 1 0 0 0 0 0 0 0 1 0 0 0 0 0 1 1 1 1 0 0 1
 0 1 0 1 1 0 1 0 1 1 0 0 0 0 0 0 0 1 0 0 0 1 0 1 1 1 0 0 0 1
 1 0 0 0 0 0 0 1 1 1 0 0 0 0 0 0 0 1 0 0 0 0 0 1 1 1 0 0 0 1
 0 0 0 0 0 0 0 1 1 1 0 0 0 0 0 1 0 1 0 0 0 0 0 1 1 1 0 0 0 1
 0 0 0 0 0 0 1 1 1 1 0 0 0 0 0 0 0 1 0 0 0 0 0 1 1 1 0 0 0 1
 0 0 0 0 0 0 0 1 1 1 0 0 0 0 0 0 0 1 0 1 0 0 0 1 1 1 1 0 0 1
 0 0 0 0 0 0 1 1 1 1 0 0 0 0 0 0 0 1 1 0 0 0 1 1 1 1 0 0 0 1
 0 1 0 0 0 0 0 1 1 1 0 0 0 0 0 1 0 0 0 0 0 0 0 1 1 1 0 0 0 1
 0 1 0 1 1 0 1 0 1 1 0 0 0 1 0 0 0 1 0 0 0 1 0 1 1 1 0 0 0 1
 0 0 0 0 0 0 0 1 1 1 0 0 0 0 1 0 0 1 0 0 0 0 0 1 1 1 1 0 0 1
 0 1 0 1 1 0 1 0 1 1 0 0 0 0 0 0 0 1 0 0 0 1 0 1 0 1 0 0 0 1
 0 1 0 1 0 0 1 0 1 1 0 0 0 0 0 0 0 1 0 0 0 1 0 1 1 1 0 0 0 1
 0 1 1 0 1 0 1 0 1 1 0 0 1 1 0 0 0 1 1 0 0 0 1 0 0 0 0 1 0 1
 0 0 0 0 1 0 0 1 1 1 0 1 0 0 0 0 1 0 0 0 1 1 1 0 1 1 1 0 1 0
 0 0 0 0 1 0 0 0 1 1 1 0 0 0 0 0 1 1 1 1 0 1 0 1 0 1 0 0 0 0
 0 1 0 1 0 0 1 1 1 0 0 1 0 1 0 0 0 1 0 0 0 1 0 0 0 1 0 0 1 1
 0 1 0 1 1 0 0 0 1 0 0 0 1 0 1 1 0 0 1 0 0 0 0 1 0 1 0 1 0 1
 1 1 1 0 1 0 1 0 1 1 1 0 0 1 0 0 1 1 1 0 1 1 1 1 0 1 0 0 0 1
 1 1 1 1 1 0 0 0 1 1 1 0 1 1 1 1 0 0 1 1 0 1 1 0 0 0 0 1 0 0
 1 0 0 0 1 0 1 0 1 0 0 1 1 0 0 1 1 0 1 0 1 0 1 1 0 1 0 1 0 0
 0 0 0 0 0 0 1 1 1 1 0 0 0 0 1 0 0 1 1 0 0 1 0 1 1 1 0 0 0 1
 0 1 0 1 0 0 1 0 1 1 1 0 0 0 0 0 0 1 0 0 0 0 1 1 1 1 0 0 0 1
 0 0 1 1 0 0 0 0 1 0 1 1 0 1 0 0 1 1 1 1 0 1 0 0 0 1 0 0 1 0
 0 0 0 1 0 0 0 0 1 0 1 1 0 1 1 0 1 1 1 1 0 1 0 0 0 1 0 0 1 0
 1 0 0 1 1 0 0 0 1 1 0 1 1 0 1 1 0 0 1 0 0 1 0 1 0 0 1 1 0 1
 0 1 0 1 1 0 1 0 1 0 0 0 1 0 1 1 0 0 1 1 0 0 1 0 0 1 0 1 0 0
 1 1 1 1 1 0 0 0 1 0 0 0 1 1 1 1 1 0 1 0 0 0 0 0 0 1 0 1 0 1
 0 1 0 0 1 0 0 0 1 0 1 0 1 0 0 1 0 0 1 0 1 0 1 1 0 1 0 1 0 0
 1 1 1 1 1 0 0 0 1 0 1 0 1 1 0 1 0 0 1 0 0 0 1 0 0 0 0 1 0 0
 1 1 1 0 1 1 0 0 1 0 1 0 1 1 1 1 1 0 1 1 1 1 1 1 0 1 0 1 0 1
 1 1 1 1 1 0 0 0 1 0 1 0 1 1 1 1 0 0 1 0 1 1 1 1 0 1 0 1 0 0
 1 1 1 0 1 0 0 0 1 1 1 0 1 1 0 1 1 0 1 1 0 0 1 1 0 1 0 1 0 1


